1538985150.314744 0.000000 0.000000 0.000000 0.000000 0.000000 0.000000 1.000000
1538985150.740295 0.671755 -0.009620 0.000000 0.000000 0.000000 -0.020011 0.999800
1538985151.110949 1.420949 -0.044172 0.000000 0.000000 0.000000 -0.038209 0.999270
1538985151.545860 2.401479 -0.219721 0.000000 0.000000 0.000000 -0.056214 0.998419
1538985151.906006 3.342443 -0.258025 0.000000 0.000000 0.000000 -0.061692 0.998095
1538985152.271112 4.370261 -0.440815 0.000000 0.000000 0.000000 -0.056459 0.998405
1538985152.690879 5.746440 -0.596413 0.000000 0.000000 0.000000 -0.036683 0.999327
1538985153.141961 7.330140 -0.592786 0.000000 0.000000 0.000000 -0.020500 0.999790
1538985153.505926 8.726084 -0.664188 0.000000 0.000000 0.000000 -0.004212 0.999991
1538985153.871634 10.239112 -0.620614 0.000000 0.000000 0.000000 0.008130 0.999967
1538985154.235975 11.879419 -0.619310 0.000000 0.000000 0.000000 0.018640 0.999826
1538985154.646518 13.769999 -0.535553 0.000000 0.000000 0.000000 0.028280 0.999600
1538985155.026625 15.647764 -0.411780 0.000000 0.000000 0.000000 0.036502 0.999334
1538985155.401744 17.576006 -0.232580 0.000000 0.000000 0.000000 0.045144 0.998980
1538985155.764603 19.474028 -0.052738 0.000000 0.000000 0.000000 0.053509 0.998567
1538985156.123930 21.272913 0.157635 0.000000 0.000000 0.000000 0.060863 0.998146
1538985156.528615 23.381380 0.412438 0.000000 0.000000 0.000000 0.077137 0.997021
1538985156.893554 25.189171 0.676616 0.000000 0.000000 0.000000 0.096966 0.995288
1538985157.333695 27.273977 1.034499 0.000000 0.000000 0.000000 0.131204 0.991355
1538985157.773826 29.258652 1.614214 0.000000 0.000000 0.000000 0.182844 0.983142
1538985158.182643 30.868298 2.234517 0.000000 0.000000 0.000000 0.236273 0.971687
1538985158.548154 32.079399 3.044153 0.000000 0.000000 0.000000 0.296359 0.955077
1538985158.912909 33.261387 3.850114 0.000000 0.000000 0.000000 0.363095 0.931752
1538985159.348422 34.353901 5.025287 0.000000 0.000000 0.000000 0.448734 0.893665
1538985159.814495 35.381077 6.355290 0.000000 0.000000 0.000000 0.542667 0.839948
1538985160.213441 35.918053 7.753310 0.000000 0.000000 0.000000 0.617220 0.786790
1538985160.583356 36.199707 9.095195 0.000000 0.000000 0.000000 0.670591 0.741828
1538985160.943424 36.278900 10.455210 0.000000 0.000000 0.000000 0.696573 0.717486
1538985161.309070 36.313213 11.944026 0.000000 0.000000 0.000000 0.704110 0.710091
1538985161.674266 36.433636 13.405681 0.000000 0.000000 0.000000 0.694557 0.719438
1538985162.093982 36.470444 15.150256 0.000000 0.000000 0.000000 0.668266 0.743923
1538985162.469043 36.518211 16.649509 0.000000 0.000000 0.000000 0.628423 0.777872
1538985162.834211 36.828064 18.081060 0.000000 0.000000 0.000000 0.584568 0.811345
1538985163.194165 37.351906 19.495972 0.000000 0.000000 0.000000 0.528552 0.848901
1538985163.559836 38.152500 20.850151 0.000000 0.000000 0.000000 0.470534 0.882382
1538985163.919899 38.981865 22.132603 0.000000 0.000000 0.000000 0.414023 0.910266
1538985164.344685 40.147018 23.366688 0.000000 0.000000 0.000000 0.358738 0.933438
1538985164.794800 41.533989 24.485304 0.000000 0.000000 0.000000 0.315346 0.948977
1538985165.300407 43.062756 25.516817 0.000000 0.000000 0.000000 0.283655 0.958926
1538985165.665414 44.234032 26.286440 0.000000 0.000000 0.000000 0.270191 0.962807
1538985166.102775 45.788986 27.027895 0.000000 0.000000 0.000000 0.262348 0.964973
1538985166.520388 47.157108 27.769636 0.000000 0.000000 0.000000 0.261035 0.965329
1538985166.968386 48.676632 28.666153 0.000000 0.000000 0.000000 0.263056 0.964781
1538985167.468523 50.257019 29.501574 0.000000 0.000000 0.000000 0.284390 0.958709
1538985167.898849 51.426849 30.231655 0.000000 0.000000 0.000000 0.317480 0.948265
1538985168.284505 52.349277 30.874052 0.000000 0.000000 0.000000 0.343822 0.939035
1538985168.644280 53.138348 31.501389 0.000000 0.000000 0.000000 0.368708 0.929545
1538985169.171698 54.088966 32.351494 0.000000 0.000000 0.000000 0.405771 0.913975
1538985169.564245 54.602840 32.906410 0.000000 0.000000 0.000000 0.424168 0.905583
1538985170.116781 54.992428 33.345356 0.000000 0.000000 0.000000 0.437375 0.899279
1538985170.556822 55.130604 33.447487 0.000000 0.000000 0.000000 0.438879 0.898546
1538985170.922217 55.135704 33.452354 0.000000 0.000000 0.000000 0.439467 0.898259
1538985171.282331 55.185673 33.470291 0.000000 0.000000 0.000000 0.439686 0.898151
1538985171.646774 55.219273 33.415012 0.000000 0.000000 0.000000 0.441495 0.897264
1538985172.052164 55.260197 33.500549 0.000000 0.000000 0.000000 0.442865 0.896589
1538985172.497883 55.480251 33.750134 0.000000 0.000000 0.000000 0.449714 0.893173
1538985172.942454 55.832287 34.193104 0.000000 0.000000 0.000000 0.457793 0.889059
1538985173.306385 56.253201 34.636841 0.000000 0.000000 0.000000 0.464441 0.885604
1538985173.811304 56.948578 35.621201 0.000000 0.000000 0.000000 0.486278 0.873804
1538985174.171416 57.470074 36.373215 0.000000 0.000000 0.000000 0.516352 0.856377
1538985174.663037 58.231266 37.561077 0.000000 0.000000 0.000000 0.570705 0.821155
1538985175.036455 58.644730 38.638767 0.000000 0.000000 0.000000 0.619850 0.784721
1538985175.395951 58.683739 39.755287 0.000000 0.000000 0.000000 0.667461 0.744644
1538985175.761266 58.744530 40.949780 0.000000 0.000000 0.000000 0.710370 0.703828
1538985176.121992 58.581375 42.254745 0.000000 0.000000 0.000000 0.756492 0.654003
1538985176.528258 58.396622 43.737000 0.000000 0.000000 0.000000 0.799995 0.600007
1538985176.894168 58.014252 45.128773 0.000000 0.000000 0.000000 0.825368 0.564595
1538985177.259287 57.389385 46.587780 0.000000 0.000000 0.000000 0.838439 0.544995
1538985177.699626 56.585220 48.199543 0.000000 0.000000 0.000000 0.848035 0.529940
1538985178.129140 55.795101 49.727566 0.000000 0.000000 0.000000 0.849241 0.528006
1538985178.500445 55.073917 51.156948 0.000000 0.000000 0.000000 0.851622 0.524156
1538985178.865575 54.483398 52.373795 0.000000 0.000000 0.000000 0.851532 0.524302
1538985179.234768 53.827229 53.665028 0.000000 0.000000 0.000000 0.850702 0.525649
1538985179.598197 53.035301 55.080742 0.000000 0.000000 0.000000 0.850109 0.526607
1538985180.084826 52.089916 57.209290 0.000000 0.000000 0.000000 0.844867 0.534976
1538985180.464918 51.306679 59.055210 0.000000 0.000000 0.000000 0.839882 0.542769
1538985180.823573 50.372005 60.891876 0.000000 0.000000 0.000000 0.833371 0.552714
1538985181.183682 49.586174 62.740101 0.000000 0.000000 0.000000 0.829704 0.558204
1538985181.543675 48.887432 64.583450 0.000000 0.000000 0.000000 0.826142 0.563462
1538985181.936581 48.055763 66.731911 0.000000 0.000000 0.000000 0.822012 0.569470
1538985182.375665 47.173420 69.162949 0.000000 0.000000 0.000000 0.817638 0.575733
1538985182.800741 46.371140 71.483200 0.000000 0.000000 0.000000 0.812399 0.583102
1538985183.175792 45.819351 73.550217 0.000000 0.000000 0.000000 0.807469 0.589911
1538985183.545679 45.221844 75.590302 0.000000 0.000000 0.000000 0.801105 0.598524
1538985183.908179 44.694988 77.451904 0.000000 0.000000 0.000000 0.794536 0.607218
1538985184.268749 44.248028 79.370079 0.000000 0.000000 0.000000 0.791358 0.611353
1538985184.686268 43.749649 81.369370 0.000000 0.000000 0.000000 0.784024 0.620730
1538985185.061656 43.331688 83.023735 0.000000 0.000000 0.000000 0.777769 0.628551
1538985185.424535 43.023872 84.421013 0.000000 0.000000 0.000000 0.772452 0.635074
1538985185.784613 42.797668 85.799202 0.000000 0.000000 0.000000 0.768226 0.640179
1538985186.214744 42.544426 87.383896 0.000000 0.000000 0.000000 0.764879 0.644175
1538985186.646903 42.321941 88.694641 0.000000 0.000000 0.000000 0.758322 0.651880
1538985187.053253 42.297928 89.580688 0.000000 0.000000 0.000000 0.752710 0.658352
1538985187.514446 42.209526 90.378212 0.000000 0.000000 0.000000 0.747956 0.663749
1538985187.917310 42.149937 90.764175 0.000000 0.000000 0.000000 0.747173 0.664629
1538985188.288579 42.124565 90.941086 0.000000 0.000000 0.000000 0.746853 0.664990
1538985188.653693 42.204384 90.964836 0.000000 0.000000 0.000000 0.746396 0.665502
1538985189.013787 42.191822 90.983261 0.000000 0.000000 0.000000 0.745586 0.666410
1538985189.378923 42.153767 91.132477 0.000000 0.000000 0.000000 0.745463 0.666547
1538985189.792937 42.149899 91.241867 0.000000 0.000000 0.000000 0.745325 0.666701
1538985190.391214 42.142368 91.679428 0.000000 0.000000 0.000000 0.746768 0.665085
1538985190.751351 41.985851 91.992294 0.000000 0.000000 0.000000 0.748247 0.663420
1538985191.110817 41.930717 92.503525 0.000000 0.000000 0.000000 0.749977 0.661464
1538985191.470636 41.820168 93.077126 0.000000 0.000000 0.000000 0.752968 0.658057
1538985191.898643 41.733875 93.871613 0.000000 0.000000 0.000000 0.753274 0.657706
1538985192.266830 41.566669 94.817268 0.000000 0.000000 0.000000 0.754433 0.656378
1538985192.626292 41.462811 95.785065 0.000000 0.000000 0.000000 0.752632 0.658441
1538985192.986298 41.338936 96.890030 0.000000 0.000000 0.000000 0.747801 0.663922
1538985193.352123 41.181252 98.136162 0.000000 0.000000 0.000000 0.743111 0.669168
1538985193.779225 41.079025 99.932014 0.000000 0.000000 0.000000 0.734804 0.678280
1538985194.223053 40.942028 101.820969 0.000000 0.000000 0.000000 0.723315 0.690518
1538985194.657676 40.920719 103.820381 0.000000 0.000000 0.000000 0.721192 0.692735
1538985195.023162 40.829430 105.574722 0.000000 0.000000 0.000000 0.721938 0.691958
1538985195.382753 40.804451 107.308029 0.000000 0.000000 0.000000 0.727858 0.685728
1538985195.775977 40.662437 109.226509 0.000000 0.000000 0.000000 0.735858 0.677136
1538985196.183261 40.548080 111.306999 0.000000 0.000000 0.000000 0.742911 0.669390
1538985196.569236 40.227306 113.126366 0.000000 0.000000 0.000000 0.750709 0.660633
1538985196.945274 39.992191 115.028122 0.000000 0.000000 0.000000 0.757626 0.652689
1538985197.386519 39.693439 117.369217 0.000000 0.000000 0.000000 0.766868 0.641805
1538985197.751638 39.442402 119.200020 0.000000 0.000000 0.000000 0.773127 0.634251
1538985198.116732 39.072453 121.099388 0.000000 0.000000 0.000000 0.778537 0.627599
1538985198.600834 38.556007 123.553497 0.000000 0.000000 0.000000 0.786424 0.617687
1538985198.980947 38.119564 125.482178 0.000000 0.000000 0.000000 0.791467 0.611211
1538985199.359582 37.683437 127.304703 0.000000 0.000000 0.000000 0.798860 0.601518
1538985199.719733 37.179901 128.931763 0.000000 0.000000 0.000000 0.804129 0.594455
1538985200.079116 36.703827 130.468674 0.000000 0.000000 0.000000 0.807466 0.589914
1538985200.462478 36.224945 132.016754 0.000000 0.000000 0.000000 0.810221 0.586124
1538985200.827589 35.839329 133.451035 0.000000 0.000000 0.000000 0.809381 0.587284
1538985201.192732 35.378735 134.705658 0.000000 0.000000 0.000000 0.808235 0.588860
1538985201.691815 34.886368 136.354919 0.000000 0.000000 0.000000 0.805382 0.592756
1538985202.135150 34.485630 137.568329 0.000000 0.000000 0.000000 0.802760 0.596302
1538985202.495071 34.188366 138.589859 0.000000 0.000000 0.000000 0.799747 0.600337
1538985202.860041 33.886398 139.633224 0.000000 0.000000 0.000000 0.798730 0.601689
1538985203.248358 33.545200 140.806473 0.000000 0.000000 0.000000 0.798093 0.602534
1538985203.613498 33.176979 142.011429 0.000000 0.000000 0.000000 0.801787 0.597610
1538985204.015759 32.755386 143.371918 0.000000 0.000000 0.000000 0.810812 0.585307
1538985204.407739 32.354321 144.871674 0.000000 0.000000 0.000000 0.824913 0.565259
1538985204.775448 31.813284 146.273972 0.000000 0.000000 0.000000 0.836064 0.548631
1538985205.135971 31.143856 147.665649 0.000000 0.000000 0.000000 0.850332 0.526247
1538985205.524102 30.271109 149.169678 0.000000 0.000000 0.000000 0.869020 0.494777
1538985205.959244 29.155119 150.916656 0.000000 0.000000 0.000000 0.889086 0.457740
1538985206.371163 27.956888 152.580688 0.000000 0.000000 0.000000 0.905576 0.424183
1538985206.731026 26.749744 153.946365 0.000000 0.000000 0.000000 0.917772 0.397108
1538985207.123572 25.274231 155.418259 0.000000 0.000000 0.000000 0.925820 0.377965
1538985207.491939 23.835457 156.752045 0.000000 0.000000 0.000000 0.930836 0.365437
1538985207.856371 22.384190 158.049026 0.000000 0.000000 0.000000 0.933431 0.358757
1538985208.221793 20.922710 159.402588 0.000000 0.000000 0.000000 0.934324 0.356424
1538985208.639125 19.262909 160.830170 0.000000 0.000000 0.000000 0.935426 0.353523
1538985209.089212 17.474239 162.300705 0.000000 0.000000 0.000000 0.936492 0.350688
1538985209.458018 16.118181 163.430267 0.000000 0.000000 0.000000 0.937584 0.347760
1538985210.285634 12.949167 165.838593 0.000000 0.000000 0.000000 0.943918 0.330179
1538985210.725765 11.599309 167.148331 0.000000 0.000000 0.000000 0.946756 0.321953
1538985211.090891 10.512200 167.975754 0.000000 0.000000 0.000000 0.950058 0.312073
1538985211.456026 9.465101 168.676804 0.000000 0.000000 0.000000 0.953112 0.302618
1538985211.821114 8.567209 169.331451 0.000000 0.000000 0.000000 0.955207 0.295938
1538985212.245242 7.616594 169.938477 0.000000 0.000000 0.000000 0.957551 0.288265
1538985212.620368 6.963466 170.313980 0.000000 0.000000 0.000000 0.959357 0.282196
1538985213.061502 6.434410 170.654831 0.000000 0.000000 0.000000 0.960552 0.278101
1538985213.421622 6.211144 170.774170 0.000000 0.000000 0.000000 0.960950 0.276722
1538985213.786732 6.035172 170.912308 0.000000 0.000000 0.000000 0.961526 0.274714
1538985214.146989 6.042868 170.885666 0.000000 0.000000 0.000000 0.961369 0.275263
1538985214.575997 6.092536 170.772537 0.000000 0.000000 0.000000 0.961099 0.276204
1538985214.944639 6.105234 170.722107 0.000000 0.000000 0.000000 0.961122 0.276124
1538985215.304803 6.155895 170.722168 0.000000 0.000000 0.000000 0.961368 0.275268
1538985215.664948 5.983658 170.956818 0.000000 0.000000 0.000000 0.961584 0.274512
1538985216.024946 5.721606 171.125977 0.000000 0.000000 0.000000 0.962622 0.270848
1538985216.446613 5.305575 171.306900 0.000000 0.000000 0.000000 0.963653 0.267156
1538985216.815158 4.801152 171.610397 0.000000 0.000000 0.000000 0.966036 0.258407
1538985217.174479 4.199110 171.952759 0.000000 0.000000 0.000000 0.970318 0.241831
1538985217.630369 3.193626 172.443695 0.000000 0.000000 0.000000 0.978782 0.204904
1538985217.995126 2.323941 172.757553 0.000000 0.000000 0.000000 0.988331 0.152321
1538985218.500462 0.712588 173.120209 0.000000 0.000000 0.000000 0.998232 0.059433
1538985218.922401 -0.645312 173.201202 0.000000 -0.000000 -0.000000 -0.999180 0.040481
1538985219.292545 -1.952812 172.938736 0.000000 -0.000000 -0.000000 -0.992500 0.122245
1538985219.736061 -3.546569 172.489212 0.000000 -0.000000 -0.000000 -0.969707 0.244270
1538985220.095245 -4.862078 171.742447 0.000000 -0.000000 -0.000000 -0.949287 0.314410
1538985220.460494 -6.074247 170.711090 0.000000 -0.000000 -0.000000 -0.932733 0.360569
1538985220.826100 -7.298224 169.564392 0.000000 -0.000000 -0.000000 -0.926294 0.376802
1538985221.258230 -8.885622 168.171829 0.000000 -0.000000 -0.000000 -0.919863 0.392241
1538985221.631682 -10.237223 166.753830 0.000000 -0.000000 -0.000000 -0.921365 0.388699
1538985221.996659 -11.603545 165.284241 0.000000 -0.000000 -0.000000 -0.921927 0.387364
1538985222.356177 -13.084507 163.794601 0.000000 -0.000000 -0.000000 -0.922258 0.386575
1538985222.721228 -14.544801 162.200974 0.000000 -0.000000 -0.000000 -0.924524 0.381124
1538985223.124715 -16.268164 160.471344 0.000000 -0.000000 -0.000000 -0.923767 0.382954
1538985223.489848 -17.796280 158.766052 0.000000 -0.000000 -0.000000 -0.924737 0.380607
1538985223.854967 -19.439634 157.074951 0.000000 -0.000000 -0.000000 -0.925126 0.379659
1538985224.354196 -21.855215 154.691742 0.000000 -0.000000 -0.000000 -0.925934 0.377684
1538985224.729351 -23.769670 152.783295 0.000000 -0.000000 -0.000000 -0.927919 0.372782
1538985225.105384 -25.696287 150.957443 0.000000 -0.000000 -0.000000 -0.931283 0.364297
1538985225.470496 -27.650690 149.227478 0.000000 -0.000000 -0.000000 -0.932961 0.359979
1538985225.838163 -29.766800 147.480164 0.000000 -0.000000 -0.000000 -0.929212 0.369546
1538985226.273291 -32.099163 145.145828 0.000000 -0.000000 -0.000000 -0.933058 0.359726
1538985226.694951 -34.498512 143.023529 0.000000 -0.000000 -0.000000 -0.933933 0.357448
1538985227.143549 -36.959084 140.843964 0.000000 -0.000000 -0.000000 -0.934512 0.355932
1538985227.502690 -39.051781 138.961578 0.000000 -0.000000 -0.000000 -0.937043 0.349213
1538985227.868820 -41.117012 137.202469 0.000000 -0.000000 -0.000000 -0.937924 0.346842
1538985228.227942 -43.239937 135.565720 0.000000 -0.000000 -0.000000 -0.940982 0.338456
1538985228.656896 -45.755501 133.450638 0.000000 -0.000000 -0.000000 -0.943503 0.331363
1538985229.030716 -47.930523 131.701248 0.000000 -0.000000 -0.000000 -0.945628 0.325249
1538985229.394132 -50.055313 130.081406 0.000000 -0.000000 -0.000000 -0.945379 0.325973
1538985229.860987 -52.627396 128.057816 0.000000 -0.000000 -0.000000 -0.946435 0.322893
1538985230.302069 -55.062691 126.262917 0.000000 -0.000000 -0.000000 -0.947001 0.321229
1538985230.667133 -56.990902 124.865219 0.000000 -0.000000 -0.000000 -0.948329 0.317289
1538985231.032257 -58.837341 123.497147 0.000000 -0.000000 -0.000000 -0.949802 0.312851
1538985231.397533 -60.541328 122.302238 0.000000 -0.000000 -0.000000 -0.952804 0.303586
1538985231.816731 -62.202991 121.060677 0.000000 -0.000000 -0.000000 -0.955450 0.295154
1538985232.191728 -63.614143 120.154358 0.000000 -0.000000 -0.000000 -0.957420 0.288699
1538985232.562769 -64.833511 119.392174 0.000000 -0.000000 -0.000000 -0.959509 0.281676
1538985232.927887 -65.818611 118.707550 0.000000 -0.000000 -0.000000 -0.961830 0.273647
1538985233.289630 -66.702477 118.158356 0.000000 -0.000000 -0.000000 -0.962669 0.270682
1538985233.702220 -67.618103 117.609222 0.000000 -0.000000 -0.000000 -0.963767 0.266746
1538985234.077352 -68.629173 117.111046 0.000000 -0.000000 -0.000000 -0.963347 0.268257
1538985234.445988 -69.573021 116.553001 0.000000 -0.000000 -0.000000 -0.963295 0.268444
1538985234.810463 -70.572350 115.963203 0.000000 -0.000000 -0.000000 -0.962699 0.270576
1538985235.170862 -71.734024 115.274376 0.000000 -0.000000 -0.000000 -0.962226 0.272253
1538985235.572388 -73.238625 114.346794 0.000000 -0.000000 -0.000000 -0.961671 0.274207
1538985235.968045 -74.926521 113.379601 0.000000 -0.000000 -0.000000 -0.961678 0.274180
1538985236.336846 -76.583000 112.306267 0.000000 -0.000000 -0.000000 -0.962024 0.272966
1538985236.701428 -78.449745 111.220177 0.000000 -0.000000 -0.000000 -0.962752 0.270384
1538985237.066441 -80.363289 110.025047 0.000000 -0.000000 -0.000000 -0.964085 0.265593
1538985237.426693 -82.311478 108.803856 0.000000 -0.000000 -0.000000 -0.964249 0.264996
1538985237.843566 -84.671005 107.405724 0.000000 -0.000000 -0.000000 -0.964253 0.264983
1538985238.214252 -86.801399 106.131317 0.000000 -0.000000 -0.000000 -0.964667 0.263472
1538985238.579400 -89.102470 104.846115 0.000000 -0.000000 -0.000000 -0.966805 0.255516
1538985239.069373 -92.370041 103.092674 0.000000 -0.000000 -0.000000 -0.970391 0.241537
1538985239.435206 -94.900864 101.762978 0.000000 -0.000000 -0.000000 -0.971057 0.238846
1538985239.875093 -98.053772 100.088737 0.000000 -0.000000 -0.000000 -0.972442 0.233143
1538985240.240190 -100.762352 98.785309 0.000000 -0.000000 -0.000000 -0.973372 0.229229
1538985240.610381 -103.436951 97.422188 0.000000 -0.000000 -0.000000 -0.975104 0.221746
1538985241.039597 -106.594498 95.872284 0.000000 -0.000000 -0.000000 -0.975965 0.217927
1538985241.414725 -109.547867 94.465317 0.000000 -0.000000 -0.000000 -0.977055 0.212986
1538985241.780681 -112.496056 93.149780 0.000000 -0.000000 -0.000000 -0.978456 0.206454
1538985242.148353 -115.464386 91.925888 0.000000 -0.000000 -0.000000 -0.979599 0.200960
1538985242.513006 -118.387115 90.642372 0.000000 -0.000000 -0.000000 -0.980629 0.195875
1538985242.873797 -121.379875 89.407982 0.000000 -0.000000 -0.000000 -0.981446 0.191738
1538985243.270663 -124.714447 88.277351 0.000000 -0.000000 -0.000000 -0.981921 0.189290
1538985243.673218 -128.058777 86.931351 0.000000 -0.000000 -0.000000 -0.982624 0.185607
1538985244.033968 -131.047836 85.695610 0.000000 -0.000000 -0.000000 -0.983194 0.182561
1538985244.404157 -134.163116 84.491135 0.000000 -0.000000 -0.000000 -0.983357 0.181683
1538985244.763648 -137.176605 83.396759 0.000000 -0.000000 -0.000000 -0.982698 0.185213
1538985245.156772 -140.420929 82.207916 0.000000 -0.000000 -0.000000 -0.982457 0.186491
1538985245.521924 -143.435669 81.138695 0.000000 -0.000000 -0.000000 -0.982082 0.188456
1538985245.911103 -146.505646 79.870499 0.000000 -0.000000 -0.000000 -0.982649 0.185472
1538985246.276869 -149.395752 78.693329 0.000000 -0.000000 -0.000000 -0.983544 0.180666
1538985246.837310 -153.793747 77.105728 0.000000 -0.000000 -0.000000 -0.983446 0.181202
1538985247.202634 -156.716949 75.931557 0.000000 -0.000000 -0.000000 -0.983763 0.179470
1538985247.567579 -159.474976 74.880493 0.000000 -0.000000 -0.000000 -0.985757 0.168178
1538985248.002712 -162.852707 73.640839 0.000000 -0.000000 -0.000000 -0.987697 0.156380
1538985248.396057 -165.747101 72.620277 0.000000 -0.000000 -0.000000 -0.987446 0.157954
1538985248.802133 -168.809418 71.596436 0.000000 -0.000000 -0.000000 -0.987297 0.158886
1538985249.177287 -171.481506 70.722244 0.000000 -0.000000 -0.000000 -0.987285 0.158959
1538985249.543197 -174.010559 69.862129 0.000000 -0.000000 -0.000000 -0.986553 0.163443
1538985249.908345 -176.523499 68.873749 0.000000 -0.000000 -0.000000 -0.985260 0.171062
1538985250.418466 -179.836151 67.541840 0.000000 -0.000000 -0.000000 -0.982650 0.185467
1538985250.837900 -182.520798 66.470932 0.000000 -0.000000 -0.000000 -0.979075 0.203499
1538985251.212919 -184.797852 65.426216 0.000000 -0.000000 -0.000000 -0.974550 0.224168
1538985251.583869 -186.886658 64.281464 0.000000 -0.000000 -0.000000 -0.969728 0.244186
1538985251.943973 -188.797638 63.182701 0.000000 -0.000000 -0.000000 -0.963611 0.267308
1538985252.309048 -190.634598 62.043243 0.000000 -0.000000 -0.000000 -0.958066 0.286549
1538985252.674171 -192.326523 60.836323 0.000000 -0.000000 -0.000000 -0.953275 0.302102
1538985253.093523 -194.034134 59.483635 0.000000 -0.000000 -0.000000 -0.947556 0.319590
1538985253.472081 -195.601547 58.181129 0.000000 -0.000000 -0.000000 -0.940851 0.338820
1538985253.832258 -196.981674 57.000439 0.000000 -0.000000 -0.000000 -0.936533 0.350578
1538985254.262337 -198.466599 55.617336 0.000000 -0.000000 -0.000000 -0.933286 0.359133
1538985254.626561 -199.570969 54.615856 0.000000 -0.000000 -0.000000 -0.930108 0.367286
1538985255.059268 -200.874023 53.304245 0.000000 -0.000000 -0.000000 -0.926313 0.376755
1538985255.496793 -201.972672 52.196571 0.000000 -0.000000 -0.000000 -0.923583 0.383397
1538985255.960257 -202.831680 51.373009 0.000000 -0.000000 -0.000000 -0.922095 0.386964
1538985256.325501 -203.393173 50.724777 0.000000 -0.000000 -0.000000 -0.920208 0.391429
1538985256.690452 -204.002167 50.185383 0.000000 -0.000000 -0.000000 -0.918998 0.394262
1538985257.055594 -204.524155 49.564232 0.000000 -0.000000 -0.000000 -0.918306 0.395871
1538985257.420703 -205.037445 48.860371 0.000000 -0.000000 -0.000000 -0.916519 0.399990
1538985257.845076 -205.861832 48.014381 0.000000 -0.000000 -0.000000 -0.914509 0.404565
1538985258.295237 -206.841003 46.936760 0.000000 -0.000000 -0.000000 -0.912465 0.409155
1538985258.666119 -207.669907 45.884804 0.000000 -0.000000 -0.000000 -0.910968 0.412476
1538985259.031293 -208.501572 44.862930 0.000000 -0.000000 -0.000000 -0.908924 0.416961
1538985259.396364 -209.405823 43.742355 0.000000 -0.000000 -0.000000 -0.907249 0.420594
1538985259.759017 -210.187378 42.683037 0.000000 -0.000000 -0.000000 -0.906217 0.422812
1538985260.180836 -211.085510 41.528858 0.000000 -0.000000 -0.000000 -0.903540 0.428503
1538985260.554721 -211.889999 40.461060 0.000000 -0.000000 -0.000000 -0.903211 0.429196
1538985260.990808 -212.780930 39.371143 0.000000 -0.000000 -0.000000 -0.902012 0.431711
1538985261.349477 -213.514069 38.490604 0.000000 -0.000000 -0.000000 -0.901649 0.432467
1538985261.714605 -214.197556 37.617237 0.000000 -0.000000 -0.000000 -0.901020 0.433778
1538985262.107300 -214.970734 36.528507 0.000000 -0.000000 -0.000000 -0.900491 0.434875
1538985262.472332 -215.708191 35.501343 0.000000 -0.000000 -0.000000 -0.901659 0.432448
1538985262.874276 -216.612656 34.345474 0.000000 -0.000000 -0.000000 -0.900697 0.434448
1538985263.271823 -217.542099 33.156254 0.000000 -0.000000 -0.000000 -0.897625 0.440761
1538985263.637687 -218.471909 31.992470 0.000000 -0.000000 -0.000000 -0.895985 0.444084
1538985264.077829 -219.535873 30.614677 0.000000 -0.000000 -0.000000 -0.892995 0.450066
1538985264.442942 -220.463120 29.323730 0.000000 -0.000000 -0.000000 -0.890954 0.454093
1538985264.803064 -221.369919 28.118748 0.000000 -0.000000 -0.000000 -0.888802 0.458291
1538985265.227484 -222.419327 26.629940 0.000000 -0.000000 -0.000000 -0.887589 0.460637
1538985265.602885 -223.354218 25.409323 0.000000 -0.000000 -0.000000 -0.886621 0.462497
1538985265.973452 -224.302673 24.128361 0.000000 -0.000000 -0.000000 -0.886842 0.462072
1538985266.411489 -225.378662 22.629635 0.000000 -0.000000 -0.000000 -0.888062 0.459723
1538985266.771339 -226.362518 21.353512 0.000000 -0.000000 -0.000000 -0.890217 0.455537
1538985267.193111 -227.476074 19.908693 0.000000 -0.000000 -0.000000 -0.891745 0.452538
1538985267.567078 -228.463821 18.540226 0.000000 -0.000000 -0.000000 -0.892392 0.451260
1538985267.926620 -229.346161 17.207409 0.000000 -0.000000 -0.000000 -0.891598 0.452827
1538985268.286610 -230.230927 16.015938 0.000000 -0.000000 -0.000000 -0.890573 0.454839
1538985268.684339 -231.138596 14.801071 0.000000 -0.000000 -0.000000 -0.884972 0.465645
1538985269.049446 -231.930389 13.706873 0.000000 -0.000000 -0.000000 -0.873954 0.486008
1538985269.414551 -232.581421 12.537451 0.000000 0.000000 0.000000 -0.858688 0.512498
1538985269.785218 -233.137970 11.303570 0.000000 0.000000 0.000000 -0.838234 0.545309
1538985270.284129 -233.728333 9.685336 0.000000 0.000000 0.000000 -0.798638 0.601811
1538985270.659244 -234.140671 8.394807 0.000000 0.000000 0.000000 -0.761946 0.647640
1538985271.030069 -234.407135 7.057381 0.000000 0.000000 0.000000 -0.727594 0.686007
1538985271.392813 -234.362396 5.709575 0.000000 0.000000 0.000000 -0.689042 0.724721
1538985271.752916 -234.226822 4.264386 0.000000 0.000000 0.000000 -0.642764 0.766064
1538985272.169737 -233.934555 2.655643 0.000000 0.000000 0.000000 -0.599231 0.800576
1538985272.548903 -233.463989 1.071327 0.000000 0.000000 0.000000 -0.564974 0.825108
1538985272.983917 -232.750381 -0.675757 0.000000 0.000000 0.000000 -0.543025 0.839717
1538985273.343116 -231.968582 -2.187393 0.000000 0.000000 0.000000 -0.537610 0.843194
1538985273.708578 -231.179749 -3.901471 0.000000 0.000000 0.000000 -0.528897 0.848686
1538985274.125390 -230.187073 -5.684300 0.000000 0.000000 0.000000 -0.526176 0.850375
1538985274.504388 -229.304474 -7.392031 0.000000 0.000000 0.000000 -0.522254 0.852790
1538985274.939404 -228.254410 -9.334082 0.000000 0.000000 0.000000 -0.518229 0.855242
1538985275.304214 -227.405380 -10.853783 0.000000 0.000000 0.000000 -0.514743 0.857345
1538985275.696545 -226.583435 -12.430250 0.000000 0.000000 0.000000 -0.511424 0.859328
1538985276.062028 -225.792099 -13.748579 0.000000 0.000000 0.000000 -0.512848 0.858479
1538985276.426805 -225.120941 -15.066231 0.000000 0.000000 0.000000 -0.512447 0.858718
1538985276.846259 -224.338821 -16.513937 0.000000 0.000000 0.000000 -0.512931 0.858430
1538985277.221437 -223.639664 -17.850258 0.000000 0.000000 0.000000 -0.512991 0.858394
1538985277.592165 -222.867340 -19.179289 0.000000 0.000000 0.000000 -0.513766 0.857930
1538985277.957264 -222.143051 -20.488136 0.000000 0.000000 0.000000 -0.516522 0.856274
1538985278.322407 -221.389450 -21.890028 0.000000 0.000000 0.000000 -0.519847 0.854259
1538985278.685227 -220.608566 -23.421474 0.000000 0.000000 0.000000 -0.518080 0.855332
1538985279.106823 -219.715866 -25.316212 0.000000 0.000000 0.000000 -0.519967 0.854186
1538985279.555539 -218.661652 -27.393162 0.000000 0.000000 0.000000 -0.523480 0.852038
1538985279.915642 -217.892838 -29.182049 0.000000 0.000000 0.000000 -0.525143 0.851014
1538985280.420764 -216.655212 -31.777840 0.000000 0.000000 0.000000 -0.529280 0.848447
1538985280.808196 -215.683044 -33.877136 0.000000 0.000000 0.000000 -0.528193 0.849124
1538985281.173319 -214.698135 -35.907997 0.000000 0.000000 0.000000 -0.528598 0.848872
1538985281.538455 -213.668259 -38.012123 0.000000 0.000000 0.000000 -0.524807 0.851221
1538985281.967298 -212.364365 -40.595135 0.000000 0.000000 0.000000 -0.521198 0.853436
1538985282.347036 -211.114868 -42.928440 0.000000 0.000000 0.000000 -0.518516 0.855068
1538985282.707067 -209.901138 -45.139374 0.000000 0.000000 0.000000 -0.519528 0.854453
1538985283.066656 -208.678162 -47.477535 0.000000 0.000000 0.000000 -0.516927 0.856029
1538985283.426465 -207.442688 -49.894741 0.000000 0.000000 0.000000 -0.514871 0.857267
1538985283.853684 -205.936371 -52.755470 0.000000 0.000000 0.000000 -0.509701 0.860351
1538985284.297709 -204.284988 -55.805431 0.000000 0.000000 0.000000 -0.508615 0.860994
1538985284.657353 -202.813690 -58.256584 0.000000 0.000000 0.000000 -0.509426 0.860514
1538985285.042080 -201.317566 -60.905144 0.000000 0.000000 0.000000 -0.499622 0.866243
1538985285.429702 -199.775497 -63.522800 0.000000 0.000000 0.000000 -0.496645 0.867954
1538985285.794792 -198.338165 -65.975067 0.000000 0.000000 0.000000 -0.494370 0.869252
1538985286.159909 -196.898636 -68.334229 0.000000 0.000000 0.000000 -0.488963 0.872304
1538985286.530009 -195.438461 -70.692421 0.000000 0.000000 0.000000 -0.482931 0.875658
1538985286.949563 -193.796036 -73.203705 0.000000 0.000000 0.000000 -0.474962 0.880006
1538985287.324684 -192.346329 -75.370262 0.000000 0.000000 0.000000 -0.469314 0.883031
1538985287.698833 -190.827179 -77.447723 0.000000 0.000000 0.000000 -0.460691 0.887560
1538985288.063373 -189.427841 -79.424767 0.000000 0.000000 0.000000 -0.453239 0.891389
1538985288.493761 -187.751038 -81.588684 0.000000 0.000000 0.000000 -0.439975 0.898010
1538985288.910387 -186.102219 -83.666588 0.000000 0.000000 0.000000 -0.428847 0.903377
1538985289.359397 -184.369019 -85.771973 0.000000 0.000000 0.000000 -0.417185 0.908822
1538985289.724497 -183.000473 -87.469551 0.000000 0.000000 0.000000 -0.407911 0.913022
1538985290.083823 -181.586884 -89.003494 0.000000 0.000000 0.000000 -0.399567 0.916704
1538985290.486297 -180.022461 -90.717468 0.000000 0.000000 0.000000 -0.393464 0.919340
1538985290.851418 -178.614166 -92.101814 0.000000 0.000000 0.000000 -0.388164 0.921590
1538985291.216500 -177.223526 -93.544617 0.000000 0.000000 0.000000 -0.383624 0.923489
1538985291.581700 -175.866241 -94.939133 0.000000 0.000000 0.000000 -0.376479 0.926425
1538985291.996229 -174.341064 -96.426643 0.000000 0.000000 0.000000 -0.373852 0.927488
1538985292.376314 -173.007492 -97.739189 0.000000 0.000000 0.000000 -0.367932 0.929852
1538985292.747013 -171.705078 -98.926186 0.000000 0.000000 0.000000 -0.360804 0.932642
1538985293.112140 -170.610443 -99.943436 0.000000 0.000000 0.000000 -0.354454 0.935073
1538985293.470039 -169.460236 -100.953369 0.000000 0.000000 0.000000 -0.349220 0.937041
1538985293.881806 -168.227280 -101.977936 0.000000 0.000000 0.000000 -0.343404 0.939188
1538985294.256926 -167.172302 -102.818382 0.000000 0.000000 0.000000 -0.338160 0.941088
1538985294.620379 -166.293655 -103.514519 0.000000 0.000000 0.000000 -0.334297 0.942468
1538985294.980208 -165.413666 -104.186638 0.000000 0.000000 0.000000 -0.331210 0.943557
1538985295.371394 -164.600052 -104.851402 0.000000 0.000000 0.000000 -0.330532 0.943795
1538985295.806294 -163.735474 -105.547050 0.000000 0.000000 0.000000 -0.331568 0.943431
1538985296.171661 -163.084320 -106.107140 0.000000 0.000000 0.000000 -0.331105 0.943594
1538985296.587683 -162.272430 -106.758728 0.000000 0.000000 0.000000 -0.335126 0.942173
1538985296.962792 -161.467819 -107.415054 0.000000 0.000000 0.000000 -0.342330 0.939580
1538985297.332058 -160.601471 -108.105354 0.000000 0.000000 0.000000 -0.348433 0.937334
1538985297.697511 -159.780685 -108.854889 0.000000 0.000000 0.000000 -0.357367 0.933964
1538985298.057247 -158.981262 -109.560356 0.000000 0.000000 0.000000 -0.363419 0.931626
1538985298.468287 -157.998825 -110.451080 0.000000 0.000000 0.000000 -0.365888 0.930659
1538985298.843430 -157.054108 -111.321426 0.000000 0.000000 0.000000 -0.367827 0.929894
1538985299.212697 -156.168488 -112.170052 0.000000 0.000000 0.000000 -0.372944 0.927854
1538985299.572428 -155.256241 -113.006424 0.000000 0.000000 0.000000 -0.374381 0.927275
1538985299.932701 -154.388031 -113.827858 0.000000 0.000000 0.000000 -0.377502 0.926009
1538985300.334474 -153.502594 -114.643059 0.000000 0.000000 0.000000 -0.379822 0.925060
1538985300.694830 -152.757721 -115.331406 0.000000 0.000000 0.000000 -0.379467 0.925205
1538985301.059791 -151.985321 -116.088631 0.000000 0.000000 0.000000 -0.381221 0.924484
1538985301.479303 -151.188400 -116.871513 0.000000 0.000000 0.000000 -0.378990 0.925401
1538985301.854454 -150.437622 -117.534424 0.000000 0.000000 0.000000 -0.380546 0.924762
1538985302.225069 -149.803284 -118.171913 0.000000 0.000000 0.000000 -0.379758 0.925086
1538985302.589661 -149.200409 -118.778198 0.000000 0.000000 0.000000 -0.382067 0.924134
1538985302.953106 -148.653824 -119.379486 0.000000 0.000000 0.000000 -0.384602 0.923083
1538985303.359868 -148.152191 -120.076836 0.000000 0.000000 0.000000 -0.386369 0.922344
1538985303.734987 -147.648956 -120.522522 0.000000 0.000000 0.000000 -0.388086 0.921623
1538985304.104674 -147.230408 -120.972061 0.000000 0.000000 0.000000 -0.388688 0.921369
1538985304.457980 -146.835144 -121.389206 0.000000 0.000000 0.000000 -0.387651 0.921806
1538985304.817932 -146.583038 -121.741829 0.000000 0.000000 0.000000 -0.389953 0.920835
1538985305.199763 -146.325958 -122.021530 0.000000 0.000000 0.000000 -0.388323 0.921523
1538985305.603337 -146.059891 -122.246155 0.000000 0.000000 0.000000 -0.389234 0.921139
1538985306.038639 -145.840561 -122.475990 0.000000 0.000000 0.000000 -0.388339 0.921516
1538985306.425089 -145.703064 -122.586426 0.000000 0.000000 0.000000 -0.389586 0.920990
1538985306.780217 -145.659561 -122.669968 0.000000 0.000000 0.000000 -0.386899 0.922122
1538985307.167228 -145.602631 -122.671974 0.000000 0.000000 0.000000 -0.389809 0.920896
1538985307.526915 -145.569229 -122.751915 0.000000 0.000000 0.000000 -0.391044 0.920372
1538985307.892063 -145.520416 -122.712730 0.000000 0.000000 0.000000 -0.388318 0.921525
1538985308.285749 -145.542099 -122.755730 0.000000 0.000000 0.000000 -0.387951 0.921680
1538985308.686615 -145.520447 -122.773262 0.000000 0.000000 0.000000 -0.388107 0.921614
1538985309.045073 -145.520447 -122.773247 0.000000 0.000000 0.000000 -0.388110 0.921613
1538985309.405209 -145.527573 -122.788429 0.000000 0.000000 0.000000 -0.388359 0.921508
