1538985150.314744 0.000000 0.000000 0.000000 0.000000 0.000000 0.000000 1.000000
1538985150.740295 0.709089 0.025267 0.000000 0.000000 0.000000 -0.020814 0.999783
1538985151.110949 1.477850 0.026435 0.000000 0.000000 0.000000 -0.039498 0.999220
1538985151.545860 2.457432 -0.204846 0.000000 0.000000 0.000000 -0.057522 0.998344
1538985151.906006 3.417702 -0.339367 0.000000 0.000000 0.000000 -0.063896 0.997957
1538985152.271112 4.473638 -0.512919 0.000000 0.000000 0.000000 -0.059662 0.998219
1538985152.690879 5.831626 -0.709257 0.000000 0.000000 0.000000 -0.042400 0.999101
1538985153.141961 7.425728 -0.848527 0.000000 0.000000 0.000000 -0.027019 0.999635
1538985153.505926 8.904722 -0.949391 0.000000 0.000000 0.000000 -0.010473 0.999945
1538985153.871634 10.431847 -0.960947 0.000000 0.000000 0.000000 0.002418 0.999997
1538985154.235975 11.983561 -0.963187 0.000000 0.000000 0.000000 0.011742 0.999931
1538985154.646518 13.934241 -0.913226 0.000000 0.000000 0.000000 0.021926 0.999760
1538985155.026625 15.774886 -0.787394 0.000000 0.000000 0.000000 0.028757 0.999586
1538985155.401744 17.708158 -0.675477 0.000000 0.000000 0.000000 0.036641 0.999328
1538985155.764603 19.618330 -0.603140 0.000000 0.000000 0.000000 0.044570 0.999006
1538985156.123930 21.477987 -0.456816 0.000000 0.000000 0.000000 0.049804 0.998759
1538985156.528615 23.544233 -0.328108 0.000000 0.000000 0.000000 0.064333 0.997928
1538985156.893554 25.333046 -0.224266 0.000000 0.000000 0.000000 0.084570 0.996417
1538985157.333695 27.382450 0.131863 0.000000 0.000000 0.000000 0.118684 0.992932
1538985157.773826 29.396872 0.528511 0.000000 0.000000 0.000000 0.166675 0.986012
1538985158.182643 30.968662 1.136793 0.000000 0.000000 0.000000 0.219029 0.975718
1538985158.548154 32.222580 1.899727 0.000000 0.000000 0.000000 0.279567 0.960126
1538985158.912909 33.342499 2.718733 0.000000 0.000000 0.000000 0.346341 0.938109
1538985159.348422 34.450420 3.970302 0.000000 0.000000 0.000000 0.432960 0.901413
1538985159.814495 35.559505 5.269565 0.000000 0.000000 0.000000 0.528778 0.848760
1538985160.213441 36.107914 6.556183 0.000000 0.000000 0.000000 0.605208 0.796068
1538985160.583356 36.431644 7.932117 0.000000 0.000000 0.000000 0.660418 0.750898
1538985160.943424 36.494823 9.323084 0.000000 0.000000 0.000000 0.689145 0.724623
1538985161.309070 36.569431 10.792552 0.000000 0.000000 0.000000 0.697134 0.716941
1538985161.674266 36.633202 12.253956 0.000000 0.000000 0.000000 0.688300 0.725426
1538985162.093982 36.674686 13.976828 0.000000 0.000000 0.000000 0.662691 0.748893
1538985162.469043 36.843826 15.588941 0.000000 0.000000 0.000000 0.621484 0.783427
1538985162.834211 37.241695 17.042597 0.000000 0.000000 0.000000 0.576340 0.817210
1538985163.194165 37.676090 18.562180 0.000000 0.000000 0.000000 0.520234 0.854024
1538985163.559836 38.345810 19.842768 0.000000 0.000000 0.000000 0.459862 0.887990
1538985163.919899 39.243450 20.995480 0.000000 0.000000 0.000000 0.401594 0.915818
1538985164.344685 40.467606 22.067230 0.000000 0.000000 0.000000 0.345185 0.938535
1538985164.794800 41.809734 23.161177 0.000000 0.000000 0.000000 0.299979 0.953946
1538985165.300407 43.452003 24.247713 0.000000 0.000000 0.000000 0.267204 0.963640
1538985165.665414 44.696613 24.952187 0.000000 0.000000 0.000000 0.254316 0.967121
1538985166.102775 46.280781 25.603971 0.000000 0.000000 0.000000 0.246309 0.969191
1538985166.520388 47.709293 26.315432 0.000000 0.000000 0.000000 0.243859 0.969811
1538985166.968386 49.174664 27.006195 0.000000 0.000000 0.000000 0.245863 0.969304
1538985167.468523 50.690868 27.802349 0.000000 0.000000 0.000000 0.268807 0.963194
1538985167.898849 52.017933 28.475861 0.000000 0.000000 0.000000 0.299286 0.954163
1538985168.284505 52.924992 29.182724 0.000000 0.000000 0.000000 0.324884 0.945754
1538985168.644280 53.697556 29.821264 0.000000 0.000000 0.000000 0.349539 0.936922
1538985169.171698 54.645397 30.622459 0.000000 0.000000 0.000000 0.386237 0.922400
1538985169.564245 55.211212 31.034149 0.000000 0.000000 0.000000 0.404340 0.914609
1538985170.116781 55.601063 31.406008 0.000000 0.000000 0.000000 0.418097 0.908402
1538985170.556822 55.687508 31.553267 0.000000 0.000000 0.000000 0.420211 0.907426
1538985170.922217 55.649799 31.535213 0.000000 0.000000 0.000000 0.420493 0.907296
1538985171.282331 55.659538 31.533949 0.000000 0.000000 0.000000 0.419300 0.907848
1538985171.646774 55.680893 31.529985 0.000000 0.000000 0.000000 0.421087 0.907020
1538985172.052164 55.709179 31.612814 0.000000 0.000000 0.000000 0.421958 0.906616
1538985172.497883 55.890194 31.841019 0.000000 0.000000 0.000000 0.429810 0.902919
1538985172.942454 56.237804 32.246880 0.000000 0.000000 0.000000 0.437504 0.899217
1538985173.306385 56.727016 32.781010 0.000000 0.000000 0.000000 0.445604 0.895230
1538985173.811304 57.393963 33.662289 0.000000 0.000000 0.000000 0.468524 0.883451
1538985174.171416 57.915657 34.410194 0.000000 0.000000 0.000000 0.500473 0.865752
1538985174.663037 58.570404 35.654282 0.000000 0.000000 0.000000 0.555127 0.831765
1538985175.036455 58.865341 36.753574 0.000000 0.000000 0.000000 0.605187 0.796084
1538985175.395951 58.872475 37.820442 0.000000 0.000000 0.000000 0.652754 0.757570
1538985175.761266 58.922295 39.004658 0.000000 0.000000 0.000000 0.696501 0.717556
1538985176.121992 58.794670 40.271656 0.000000 0.000000 0.000000 0.742040 0.670356
1538985176.528258 58.591072 41.716019 0.000000 0.000000 0.000000 0.786648 0.617402
1538985176.894168 58.262672 43.130848 0.000000 0.000000 0.000000 0.813079 0.582154
1538985177.259287 57.752125 44.606041 0.000000 0.000000 0.000000 0.826662 0.562699
1538985177.699626 57.077702 46.284100 0.000000 0.000000 0.000000 0.837602 0.546282
1538985178.129140 56.407673 47.829189 0.000000 0.000000 0.000000 0.838774 0.544479
1538985178.500445 55.745792 49.318443 0.000000 0.000000 0.000000 0.840820 0.541315
1538985178.865575 55.147873 50.616051 0.000000 0.000000 0.000000 0.841010 0.541019
1538985179.234768 54.661049 52.060570 0.000000 0.000000 0.000000 0.840382 0.541994
1538985179.598197 53.968796 53.521698 0.000000 0.000000 0.000000 0.840245 0.542207
1538985180.084826 53.079887 55.692905 0.000000 0.000000 0.000000 0.834808 0.550542
1538985180.464918 52.315842 57.373058 0.000000 0.000000 0.000000 0.829427 0.558616
1538985180.823573 51.645145 59.230900 0.000000 0.000000 0.000000 0.824014 0.566569
1538985181.183682 50.953152 61.053837 0.000000 0.000000 0.000000 0.819315 0.573344
1538985181.543675 50.287533 62.981789 0.000000 0.000000 0.000000 0.816319 0.577601
1538985181.936581 49.548672 65.154327 0.000000 0.000000 0.000000 0.811774 0.583972
1538985182.375665 48.704308 67.626961 0.000000 0.000000 0.000000 0.807366 0.590051
1538985182.800741 48.030453 69.963493 0.000000 0.000000 0.000000 0.802583 0.596541
1538985183.175792 47.445137 72.033539 0.000000 0.000000 0.000000 0.796725 0.604343
1538985183.545679 46.905991 74.021538 0.000000 0.000000 0.000000 0.789363 0.613927
1538985183.908179 46.583870 75.929352 0.000000 0.000000 0.000000 0.783250 0.621708
1538985184.268749 46.211441 77.820389 0.000000 0.000000 0.000000 0.780490 0.625169
1538985184.686268 45.750366 79.854988 0.000000 0.000000 0.000000 0.772487 0.635031
1538985185.061656 45.380795 81.419746 0.000000 0.000000 0.000000 0.765542 0.643386
1538985185.424535 45.146145 82.998344 0.000000 0.000000 0.000000 0.760324 0.649545
1538985185.784613 44.958767 84.366928 0.000000 0.000000 0.000000 0.756035 0.654532
1538985186.214744 44.786022 85.956078 0.000000 0.000000 0.000000 0.752988 0.658035
1538985186.646903 44.615417 87.277489 0.000000 0.000000 0.000000 0.747664 0.664078
1538985187.053253 44.719551 88.134834 0.000000 0.000000 0.000000 0.741951 0.670454
1538985187.514446 44.649956 88.950623 0.000000 0.000000 0.000000 0.737273 0.675595
1538985187.917310 44.625240 89.436913 0.000000 0.000000 0.000000 0.735967 0.677018
1538985188.288579 44.695549 89.643471 0.000000 0.000000 0.000000 0.735555 0.677466
1538985188.653693 44.690720 89.692322 0.000000 0.000000 0.000000 0.733603 0.679579
1538985189.013787 44.698902 89.740784 0.000000 0.000000 0.000000 0.732162 0.681131
1538985189.378923 44.607239 89.811066 0.000000 0.000000 0.000000 0.731813 0.681506
1538985189.792937 44.617062 89.949585 0.000000 0.000000 0.000000 0.731594 0.681741
1538985190.391214 44.632202 90.372322 0.000000 0.000000 0.000000 0.732996 0.680233
1538985190.751351 44.427906 90.696999 0.000000 0.000000 0.000000 0.734366 0.678754
1538985191.110817 44.419521 91.181526 0.000000 0.000000 0.000000 0.735663 0.677348
1538985191.470636 44.444714 91.715042 0.000000 0.000000 0.000000 0.738205 0.674577
1538985191.898643 44.454418 92.593727 0.000000 0.000000 0.000000 0.738611 0.674132
1538985192.266830 44.366299 93.516907 0.000000 0.000000 0.000000 0.739313 0.673363
1538985192.626292 44.250870 94.438179 0.000000 0.000000 0.000000 0.736404 0.676543
1538985192.986298 44.232178 95.578941 0.000000 0.000000 0.000000 0.732452 0.680819
1538985193.352123 44.160236 96.930374 0.000000 0.000000 0.000000 0.728297 0.685262
1538985193.779225 44.094135 98.665871 0.000000 0.000000 0.000000 0.719618 0.694370
1538985194.223053 44.054771 100.621674 0.000000 0.000000 0.000000 0.708282 0.705930
1538985194.657676 44.081722 102.570435 0.000000 0.000000 0.000000 0.705963 0.708249
1538985195.023162 44.125885 104.333572 0.000000 0.000000 0.000000 0.706365 0.707849
1538985195.382753 44.133186 106.156631 0.000000 0.000000 0.000000 0.711158 0.703033
1538985195.775977 44.089516 108.079315 0.000000 0.000000 0.000000 0.719800 0.694182
1538985196.183261 44.036343 110.234299 0.000000 0.000000 0.000000 0.724517 0.689257
1538985196.569236 43.889610 112.154015 0.000000 0.000000 0.000000 0.731607 0.681727
1538985196.945274 43.772362 114.001968 0.000000 0.000000 0.000000 0.738941 0.673771
1538985197.386519 43.639442 116.253166 0.000000 0.000000 0.000000 0.747042 0.664777
1538985197.751638 43.535267 118.134483 0.000000 0.000000 0.000000 0.752848 0.658194
1538985198.116732 43.257000 120.012550 0.000000 0.000000 0.000000 0.758490 0.651685
1538985198.600834 42.905968 122.473793 0.000000 0.000000 0.000000 0.765880 0.642984
1538985198.980947 42.649715 124.349564 0.000000 0.000000 0.000000 0.770249 0.637744
1538985199.359582 42.269188 126.224754 0.000000 0.000000 0.000000 0.777375 0.629039
1538985199.719733 41.862228 127.894119 0.000000 0.000000 0.000000 0.782571 0.622562
1538985200.079116 41.512810 129.455704 0.000000 0.000000 0.000000 0.786171 0.618009
1538985200.462478 41.113575 131.016342 0.000000 0.000000 0.000000 0.788555 0.614965
1538985200.827589 40.756638 132.471054 0.000000 0.000000 0.000000 0.787998 0.615678
1538985201.192732 40.418110 133.840591 0.000000 0.000000 0.000000 0.786930 0.617042
1538985201.691815 40.003567 135.478653 0.000000 0.000000 0.000000 0.784967 0.619538
1538985202.135150 39.699181 136.833710 0.000000 0.000000 0.000000 0.781680 0.623680
1538985202.495071 39.450897 137.762970 0.000000 0.000000 0.000000 0.778422 0.627743
1538985202.860041 39.261501 138.806290 0.000000 0.000000 0.000000 0.777130 0.629341
1538985203.248358 39.026047 139.991013 0.000000 0.000000 0.000000 0.776651 0.629932
1538985203.613498 38.706360 141.175735 0.000000 0.000000 0.000000 0.781495 0.623912
1538985204.015759 38.304932 142.595337 0.000000 0.000000 0.000000 0.790980 0.611842
1538985204.407739 37.952579 144.089005 0.000000 0.000000 0.000000 0.805897 0.592057
1538985204.775448 37.473682 145.503281 0.000000 0.000000 0.000000 0.817649 0.575718
1538985205.135971 36.925663 146.969101 0.000000 0.000000 0.000000 0.832730 0.553681
1538985205.524102 36.212753 148.588440 0.000000 0.000000 0.000000 0.851877 0.523743
1538985205.959244 35.236309 150.380661 0.000000 0.000000 0.000000 0.873231 0.487307
1538985206.371163 34.102448 152.094360 0.000000 0.000000 0.000000 0.890923 0.454155
1538985206.731026 32.933491 153.549332 0.000000 0.000000 0.000000 0.903644 0.428284
1538985207.123572 31.569576 155.060242 0.000000 0.000000 0.000000 0.912050 0.410078
1538985207.491939 30.292946 156.568268 0.000000 0.000000 0.000000 0.917801 0.397041
1538985207.856371 28.817142 157.980774 0.000000 0.000000 0.000000 0.921463 0.388468
1538985208.221793 27.516876 159.394897 0.000000 0.000000 0.000000 0.922523 0.385942
1538985208.639125 25.912468 160.946701 0.000000 0.000000 0.000000 0.924403 0.381417
1538985209.089212 24.235397 162.622787 0.000000 0.000000 0.000000 0.925526 0.378685
1538985209.458018 22.938736 163.916199 0.000000 0.000000 0.000000 0.926416 0.376502
1538985210.285634 20.073271 166.676773 0.000000 0.000000 0.000000 0.934249 0.356621
1538985210.725765 18.752546 167.948639 0.000000 0.000000 0.000000 0.937226 0.348723
1538985211.090891 17.728760 168.842957 0.000000 0.000000 0.000000 0.940797 0.338971
1538985211.456026 16.743622 169.590881 0.000000 0.000000 0.000000 0.944298 0.329093
1538985211.821114 15.833856 170.381424 0.000000 0.000000 0.000000 0.946214 0.323541
1538985212.245242 14.953130 171.136627 0.000000 0.000000 0.000000 0.948486 0.316820
1538985212.620368 14.292355 171.625168 0.000000 0.000000 0.000000 0.950138 0.311831
1538985213.061502 13.785607 172.189987 0.000000 0.000000 0.000000 0.951378 0.308026
1538985213.421622 13.509689 172.309464 0.000000 0.000000 0.000000 0.951890 0.306439
1538985213.786732 13.449693 172.466583 0.000000 0.000000 0.000000 0.952268 0.305264
1538985214.146989 13.413479 172.490707 0.000000 0.000000 0.000000 0.952261 0.305285
1538985214.575997 13.355950 172.458817 0.000000 0.000000 0.000000 0.952055 0.305928
1538985214.944639 13.326910 172.443848 0.000000 0.000000 0.000000 0.952220 0.305414
1538985215.304803 13.310699 172.347961 0.000000 0.000000 0.000000 0.953166 0.302447
1538985215.664948 13.163737 172.587646 0.000000 0.000000 0.000000 0.953356 0.301849
1538985216.024946 12.939026 172.730896 0.000000 0.000000 0.000000 0.954592 0.297915
1538985216.446613 12.571721 172.984070 0.000000 0.000000 0.000000 0.955846 0.293868
1538985216.815158 12.059612 173.354752 0.000000 0.000000 0.000000 0.958728 0.284326
1538985217.174479 11.432754 173.709091 0.000000 0.000000 0.000000 0.963366 0.268191
1538985217.630369 10.484896 174.268661 0.000000 0.000000 0.000000 0.972736 0.231914
1538985217.995126 9.591393 174.548767 0.000000 0.000000 0.000000 0.984161 0.177279
1538985218.500462 8.059212 175.007721 0.000000 0.000000 0.000000 0.996109 0.088126
1538985218.922401 6.697365 175.086075 0.000000 -0.000000 -0.000000 -0.999962 0.008754
1538985219.292545 5.469321 174.806107 0.000000 -0.000000 -0.000000 -0.995546 0.094283
1538985219.736061 3.849469 174.452194 0.000000 -0.000000 -0.000000 -0.975558 0.219743
1538985220.095245 2.590559 173.755783 0.000000 -0.000000 -0.000000 -0.956904 0.290405
1538985220.460494 1.326064 172.810760 0.000000 -0.000000 -0.000000 -0.941620 0.336678
1538985220.826100 -0.008874 171.742310 0.000000 -0.000000 -0.000000 -0.935403 0.353584
1538985221.258230 -1.599468 170.348740 0.000000 -0.000000 -0.000000 -0.930023 0.367501
1538985221.631682 -2.974072 168.962219 0.000000 -0.000000 -0.000000 -0.931571 0.363559
1538985221.996659 -4.374066 167.553070 0.000000 -0.000000 -0.000000 -0.931578 0.363541
1538985222.356177 -5.849032 166.094452 0.000000 -0.000000 -0.000000 -0.932374 0.361495
1538985222.721228 -7.403792 164.586609 0.000000 -0.000000 -0.000000 -0.934263 0.356585
1538985223.124715 -9.205142 162.846558 0.000000 -0.000000 -0.000000 -0.933899 0.357538
1538985223.489848 -10.842275 161.191269 0.000000 -0.000000 -0.000000 -0.934526 0.355895
1538985223.854967 -12.561000 159.516083 0.000000 -0.000000 -0.000000 -0.934539 0.355860
1538985224.354196 -15.106956 157.260925 0.000000 -0.000000 -0.000000 -0.935353 0.353715
1538985224.729351 -17.121868 155.390213 0.000000 -0.000000 -0.000000 -0.937117 0.349014
1538985225.105384 -19.247810 153.681122 0.000000 -0.000000 -0.000000 -0.940430 0.339987
1538985225.470496 -21.262733 151.882095 0.000000 -0.000000 -0.000000 -0.942795 0.333372
1538985225.838163 -23.397434 150.234695 0.000000 -0.000000 -0.000000 -0.939187 0.343407
1538985226.273291 -25.923450 148.062637 0.000000 -0.000000 -0.000000 -0.942461 0.334317
1538985226.694951 -28.421223 146.144821 0.000000 -0.000000 -0.000000 -0.943068 0.332599
1538985227.143549 -30.979404 144.064819 0.000000 -0.000000 -0.000000 -0.943473 0.331451
1538985227.502690 -33.107334 142.289841 0.000000 -0.000000 -0.000000 -0.945767 0.324845
1538985227.868820 -35.531784 140.771744 0.000000 -0.000000 -0.000000 -0.946621 0.322350
1538985228.227942 -37.787926 139.196182 0.000000 -0.000000 -0.000000 -0.949367 0.314170
1538985228.656896 -40.510063 137.304169 0.000000 -0.000000 -0.000000 -0.951712 0.306993
1538985229.030716 -42.672157 135.675491 0.000000 -0.000000 -0.000000 -0.953333 0.301920
1538985229.394132 -44.965748 134.303024 0.000000 -0.000000 -0.000000 -0.953097 0.302665
1538985229.860987 -47.661945 132.408661 0.000000 -0.000000 -0.000000 -0.954267 0.298956
1538985230.302069 -50.101376 130.625656 0.000000 -0.000000 -0.000000 -0.954511 0.298175
1538985230.667133 -52.078442 129.244995 0.000000 -0.000000 -0.000000 -0.956013 0.293325
1538985231.032257 -53.961292 127.969666 0.000000 -0.000000 -0.000000 -0.957451 0.288596
1538985231.397533 -55.780235 126.846886 0.000000 -0.000000 -0.000000 -0.960034 0.279885
1538985231.816731 -57.564693 125.732460 0.000000 -0.000000 -0.000000 -0.962776 0.270299
1538985232.191728 -58.994339 124.919121 0.000000 -0.000000 -0.000000 -0.964488 0.264126
1538985232.562769 -60.246864 124.298981 0.000000 -0.000000 -0.000000 -0.966235 0.257661
1538985232.927887 -61.350414 123.691757 0.000000 -0.000000 -0.000000 -0.967668 0.252226
1538985233.289630 -62.276527 123.193024 0.000000 -0.000000 -0.000000 -0.968291 0.249826
1538985233.702220 -63.245018 122.700043 0.000000 -0.000000 -0.000000 -0.969131 0.246547
1538985234.077352 -64.283493 122.189651 0.000000 -0.000000 -0.000000 -0.969012 0.247012
1538985234.445988 -65.241211 121.638550 0.000000 -0.000000 -0.000000 -0.968966 0.247195
1538985234.810463 -66.300865 121.115784 0.000000 -0.000000 -0.000000 -0.968442 0.249240
1538985235.170862 -67.550056 120.468414 0.000000 -0.000000 -0.000000 -0.968026 0.250851
1538985235.572388 -69.125443 119.601448 0.000000 -0.000000 -0.000000 -0.967308 0.253605
1538985235.968045 -70.918640 118.664482 0.000000 -0.000000 -0.000000 -0.967479 0.252953
1538985236.336846 -72.759949 117.662384 0.000000 -0.000000 -0.000000 -0.967946 0.251160
1538985236.701428 -74.677589 116.678764 0.000000 -0.000000 -0.000000 -0.968940 0.247296
1538985237.066441 -76.644478 115.588226 0.000000 -0.000000 -0.000000 -0.970216 0.242241
1538985237.426693 -78.671768 114.562454 0.000000 -0.000000 -0.000000 -0.970003 0.243094
1538985237.843566 -81.138283 113.292320 0.000000 -0.000000 -0.000000 -0.970203 0.242295
1538985238.214252 -83.461433 112.153236 0.000000 -0.000000 -0.000000 -0.970537 0.240954
1538985238.579400 -85.931618 110.900459 0.000000 -0.000000 -0.000000 -0.972451 0.233107
1538985239.069373 -89.289719 109.273087 0.000000 -0.000000 -0.000000 -0.975622 0.219460
1538985239.435206 -91.908119 107.956291 0.000000 -0.000000 -0.000000 -0.975956 0.217966
1538985239.875093 -95.203346 106.416061 0.000000 -0.000000 -0.000000 -0.977198 0.212332
1538985240.240190 -97.939011 105.180099 0.000000 -0.000000 -0.000000 -0.978037 0.208434
1538985240.610381 -100.756546 103.917389 0.000000 -0.000000 -0.000000 -0.979448 0.201699
1538985241.039597 -104.000122 102.533241 0.000000 -0.000000 -0.000000 -0.979799 0.199984
1538985241.414725 -106.967758 101.224159 0.000000 -0.000000 -0.000000 -0.980880 0.194616
1538985241.780681 -109.929146 100.081902 0.000000 -0.000000 -0.000000 -0.982211 0.187783
1538985242.148353 -112.964088 98.895851 0.000000 -0.000000 -0.000000 -0.983618 0.180267
1538985242.513006 -115.963409 97.805382 0.000000 -0.000000 -0.000000 -0.984203 0.177043
1538985242.873797 -119.000519 96.660973 0.000000 -0.000000 -0.000000 -0.984898 0.173137
1538985243.270663 -122.489998 95.622894 0.000000 -0.000000 -0.000000 -0.985434 0.170059
1538985243.673218 -125.945816 94.422829 0.000000 -0.000000 -0.000000 -0.985981 0.166858
1538985244.033968 -129.048096 93.444603 0.000000 -0.000000 -0.000000 -0.986325 0.164811
1538985244.404157 -132.293701 92.364670 0.000000 -0.000000 -0.000000 -0.986623 0.163022
1538985244.763648 -135.323029 91.355217 0.000000 -0.000000 -0.000000 -0.986406 0.164324
1538985245.156772 -138.675095 90.247078 0.000000 -0.000000 -0.000000 -0.986142 0.165902
1538985245.521924 -141.789398 89.277809 0.000000 -0.000000 -0.000000 -0.985924 0.167192
1538985245.911103 -144.932037 88.178734 0.000000 -0.000000 -0.000000 -0.986463 0.163988
1538985246.276869 -147.942032 87.167381 0.000000 -0.000000 -0.000000 -0.987246 0.159203
1538985246.837310 -152.434311 85.734848 0.000000 -0.000000 -0.000000 -0.987272 0.159043
1538985247.202634 -155.338638 84.689926 0.000000 -0.000000 -0.000000 -0.987778 0.155870
1538985247.567579 -158.083694 83.751366 0.000000 -0.000000 -0.000000 -0.989703 0.143138
1538985248.002712 -161.475586 82.761803 0.000000 -0.000000 -0.000000 -0.991335 0.131360
1538985248.396057 -164.435913 81.985954 0.000000 -0.000000 -0.000000 -0.991056 0.133448
1538985248.802133 -167.449722 81.130409 0.000000 -0.000000 -0.000000 -0.990971 0.134074
1538985249.177287 -170.222565 80.379768 0.000000 -0.000000 -0.000000 -0.990934 0.134354
1538985249.543197 -172.782013 79.599525 0.000000 -0.000000 -0.000000 -0.990357 0.138539
1538985249.908345 -175.378372 78.735443 0.000000 -0.000000 -0.000000 -0.989398 0.145230
1538985250.418466 -178.829453 77.686836 0.000000 -0.000000 -0.000000 -0.986952 0.161017
1538985250.837900 -181.540924 76.801552 0.000000 -0.000000 -0.000000 -0.983735 0.179627
1538985251.212919 -183.867569 75.900162 0.000000 -0.000000 -0.000000 -0.979684 0.200546
1538985251.583869 -185.954498 74.840065 0.000000 -0.000000 -0.000000 -0.975315 0.220820
1538985251.943973 -187.976593 73.833015 0.000000 -0.000000 -0.000000 -0.969609 0.244659
1538985252.309048 -189.953644 72.735596 0.000000 -0.000000 -0.000000 -0.964298 0.264821
1538985252.674171 -191.702652 71.619148 0.000000 -0.000000 -0.000000 -0.959838 0.280556
1538985253.093523 -193.633698 70.429344 0.000000 -0.000000 -0.000000 -0.953778 0.300512
1538985253.472081 -195.335770 69.267326 0.000000 -0.000000 -0.000000 -0.947681 0.319220
1538985253.832258 -196.773743 68.116844 0.000000 -0.000000 -0.000000 -0.943854 0.330362
1538985254.262337 -198.386963 66.822800 0.000000 -0.000000 -0.000000 -0.940107 0.340880
1538985254.626561 -199.614410 65.870026 0.000000 -0.000000 -0.000000 -0.936847 0.349741
1538985255.059268 -201.067383 64.691864 0.000000 -0.000000 -0.000000 -0.932728 0.360582
1538985255.496793 -202.136032 63.624050 0.000000 -0.000000 -0.000000 -0.929987 0.367592
1538985255.960257 -202.973373 62.802334 0.000000 -0.000000 -0.000000 -0.928982 0.370126
1538985256.325501 -203.535797 62.228634 0.000000 -0.000000 -0.000000 -0.927808 0.373059
1538985256.690452 -204.213989 61.577789 0.000000 -0.000000 -0.000000 -0.926440 0.376444
1538985257.055594 -204.749252 60.948757 0.000000 -0.000000 -0.000000 -0.925946 0.377657
1538985257.420703 -205.300476 60.325260 0.000000 -0.000000 -0.000000 -0.924175 0.381968
1538985257.845076 -206.075882 59.558167 0.000000 -0.000000 -0.000000 -0.921543 0.388276
1538985258.295237 -207.088943 58.601154 0.000000 -0.000000 -0.000000 -0.919857 0.392255
1538985258.666119 -207.966751 57.606449 0.000000 -0.000000 -0.000000 -0.917888 0.396840
1538985259.031293 -208.885101 56.617706 0.000000 -0.000000 -0.000000 -0.915542 0.402223
1538985259.396364 -209.864120 55.544312 0.000000 -0.000000 -0.000000 -0.913736 0.406310
1538985259.759017 -210.797226 54.543739 0.000000 -0.000000 -0.000000 -0.912374 0.409357
1538985260.180836 -211.777649 53.445229 0.000000 -0.000000 -0.000000 -0.909499 0.415707
1538985260.554721 -212.631866 52.362198 0.000000 -0.000000 -0.000000 -0.909376 0.415975
1538985260.990808 -213.641632 51.297768 0.000000 -0.000000 -0.000000 -0.908588 0.417693
1538985261.349477 -214.405685 50.476643 0.000000 -0.000000 -0.000000 -0.908568 0.417738
1538985261.714605 -215.143097 49.676498 0.000000 -0.000000 -0.000000 -0.907470 0.420117
1538985262.107300 -215.947083 48.716938 0.000000 -0.000000 -0.000000 -0.906647 0.421890
1538985262.472332 -216.701630 47.732574 0.000000 -0.000000 -0.000000 -0.906373 0.422478
1538985262.874276 -217.633560 46.651081 0.000000 -0.000000 -0.000000 -0.904768 0.425906
1538985263.271823 -218.646652 45.445198 0.000000 -0.000000 -0.000000 -0.901831 0.432089
1538985263.637687 -219.471420 44.300449 0.000000 -0.000000 -0.000000 -0.900175 0.435529
1538985264.077829 -220.595825 42.926346 0.000000 -0.000000 -0.000000 -0.897085 0.441859
1538985264.442942 -221.544144 41.746643 0.000000 -0.000000 -0.000000 -0.895387 0.445288
1538985264.803064 -222.475250 40.551155 0.000000 -0.000000 -0.000000 -0.893151 0.449757
1538985265.227484 -223.486496 39.050797 0.000000 -0.000000 -0.000000 -0.891885 0.452263
1538985265.602885 -224.474716 37.788403 0.000000 -0.000000 -0.000000 -0.891379 0.453258
1538985265.973452 -225.425491 36.504719 0.000000 -0.000000 -0.000000 -0.891579 0.452865
1538985266.411489 -226.511078 34.987125 0.000000 -0.000000 -0.000000 -0.892662 0.450728
1538985266.771339 -227.474289 33.701740 0.000000 -0.000000 -0.000000 -0.894632 0.446803
1538985267.193111 -228.587448 32.233166 0.000000 -0.000000 -0.000000 -0.896028 0.443998
1538985267.567078 -229.623260 30.971304 0.000000 -0.000000 -0.000000 -0.896477 0.443090
1538985267.926620 -230.484268 29.636095 0.000000 -0.000000 -0.000000 -0.896484 0.443076
1538985268.286610 -231.414551 28.448576 0.000000 -0.000000 -0.000000 -0.895212 0.445640
1538985268.684339 -232.417892 27.251358 0.000000 -0.000000 -0.000000 -0.889907 0.456143
1538985269.049446 -233.172562 26.154053 0.000000 -0.000000 -0.000000 -0.878937 0.476939
1538985269.414551 -233.842896 25.054564 0.000000 0.000000 0.000000 -0.864008 0.503479
1538985269.785218 -234.396561 23.840630 0.000000 0.000000 0.000000 -0.843436 0.537230
1538985270.284129 -235.018524 22.208710 0.000000 0.000000 0.000000 -0.803975 0.594664
1538985270.659244 -235.358261 20.909756 0.000000 0.000000 0.000000 -0.767107 0.641520
1538985271.030069 -235.626984 19.537193 0.000000 0.000000 0.000000 -0.733014 0.680215
1538985271.392813 -235.652664 18.185385 0.000000 0.000000 0.000000 -0.695728 0.718306
1538985271.752916 -235.587830 16.835690 0.000000 0.000000 0.000000 -0.649684 0.760204
1538985272.169737 -235.301331 15.141423 0.000000 0.000000 0.000000 -0.606107 0.795384
1538985272.548903 -234.748032 13.606441 0.000000 0.000000 0.000000 -0.569959 0.821673
1538985272.983917 -234.006577 11.812966 0.000000 0.000000 0.000000 -0.548505 0.836148
1538985273.343116 -233.192398 10.282010 0.000000 0.000000 0.000000 -0.543578 0.839359
1538985273.708578 -232.458252 8.581029 0.000000 0.000000 0.000000 -0.537084 0.843529
1538985274.125390 -231.492081 6.688995 0.000000 0.000000 0.000000 -0.533685 0.845684
1538985274.504388 -230.586700 4.917697 0.000000 0.000000 0.000000 -0.531325 0.847168
1538985274.939404 -229.551727 2.941954 0.000000 0.000000 0.000000 -0.526597 0.850115
1538985275.304214 -228.673019 1.410862 0.000000 0.000000 0.000000 -0.523341 0.852124
1538985275.696545 -227.872986 -0.199821 0.000000 0.000000 0.000000 -0.519258 0.854618
1538985276.062028 -227.162781 -1.510198 0.000000 0.000000 0.000000 -0.520095 0.854109
1538985276.426805 -226.541794 -2.885991 0.000000 0.000000 0.000000 -0.520963 0.853580
1538985276.846259 -225.803940 -4.376837 0.000000 0.000000 0.000000 -0.522854 0.852423
1538985277.221437 -225.109634 -5.755716 0.000000 0.000000 0.000000 -0.521516 0.853242
1538985277.592165 -224.380844 -7.099922 0.000000 0.000000 0.000000 -0.522801 0.852455
1538985277.957264 -223.633041 -8.553624 0.000000 0.000000 0.000000 -0.526790 0.849996
1538985278.322407 -222.974350 -9.995274 0.000000 0.000000 0.000000 -0.529989 0.848005
1538985278.685227 -222.244614 -11.498195 0.000000 0.000000 0.000000 -0.529101 0.848559
1538985279.106823 -221.366241 -13.424096 0.000000 0.000000 0.000000 -0.530677 0.847574
1538985279.555539 -220.382812 -15.545111 0.000000 0.000000 0.000000 -0.536061 0.844179
1538985279.915642 -219.597275 -17.316469 0.000000 0.000000 0.000000 -0.539455 0.842014
1538985280.420764 -218.422592 -19.977451 0.000000 0.000000 0.000000 -0.543486 0.839419
1538985280.808196 -217.524857 -22.084139 0.000000 0.000000 0.000000 -0.542327 0.840168
1538985281.173319 -216.680908 -24.174276 0.000000 0.000000 0.000000 -0.542791 0.839868
1538985281.538455 -215.745621 -26.309195 0.000000 0.000000 0.000000 -0.538866 0.842392
1538985281.967298 -214.546448 -28.892654 0.000000 0.000000 0.000000 -0.535324 0.844647
1538985282.347036 -213.478867 -31.282436 0.000000 0.000000 0.000000 -0.533142 0.846026
1538985282.707067 -212.411880 -33.603794 0.000000 0.000000 0.000000 -0.534492 0.845174
1538985283.066656 -211.294830 -35.974728 0.000000 0.000000 0.000000 -0.531668 0.846953
1538985283.426465 -210.158966 -38.413673 0.000000 0.000000 0.000000 -0.529545 0.848282
1538985283.853684 -208.802032 -41.400024 0.000000 0.000000 0.000000 -0.524762 0.851249
1538985284.297709 -207.102020 -44.475605 0.000000 0.000000 0.000000 -0.522253 0.852791
1538985284.657353 -205.704025 -46.978569 0.000000 0.000000 0.000000 -0.522208 0.852818
1538985285.042080 -204.255859 -49.667805 0.000000 0.000000 0.000000 -0.512239 0.858843
1538985285.429702 -202.873352 -52.382515 0.000000 0.000000 0.000000 -0.510366 0.859957
1538985285.794792 -201.414490 -54.818222 0.000000 0.000000 0.000000 -0.508997 0.860769
1538985286.159909 -200.028976 -57.242413 0.000000 0.000000 0.000000 -0.503338 0.864090
1538985286.530009 -198.667313 -59.647457 0.000000 0.000000 0.000000 -0.495248 0.868752
1538985286.949563 -197.060791 -62.249813 0.000000 0.000000 0.000000 -0.486990 0.873408
1538985287.324684 -195.657120 -64.507034 0.000000 0.000000 0.000000 -0.481939 0.876205
1538985287.698833 -194.292908 -66.656509 0.000000 0.000000 0.000000 -0.473454 0.880819
1538985288.063373 -192.858582 -68.668221 0.000000 0.000000 0.000000 -0.466543 0.884498
1538985288.493761 -191.313690 -70.911316 0.000000 0.000000 0.000000 -0.452801 0.891612
1538985288.910387 -189.769928 -73.034119 0.000000 0.000000 0.000000 -0.442140 0.896946
1538985289.359397 -188.138580 -75.128952 0.000000 0.000000 0.000000 -0.430581 0.902552
1538985289.724497 -186.819336 -76.851257 0.000000 0.000000 0.000000 -0.421855 0.906663
1538985290.083823 -185.485092 -78.403381 0.000000 0.000000 0.000000 -0.414344 0.910120
1538985290.486297 -184.009171 -80.146393 0.000000 0.000000 0.000000 -0.411880 0.911238
1538985290.851418 -182.631088 -81.634613 0.000000 0.000000 0.000000 -0.407483 0.913213
1538985291.216500 -181.333282 -83.110023 0.000000 0.000000 0.000000 -0.402266 0.915523
1538985291.581700 -179.946808 -84.407883 0.000000 0.000000 0.000000 -0.396929 0.917849
1538985291.996229 -178.400085 -85.998039 0.000000 0.000000 0.000000 -0.391878 0.920017
1538985292.376314 -177.058044 -87.352188 0.000000 0.000000 0.000000 -0.384940 0.922942
1538985292.747013 -175.795410 -88.634514 0.000000 0.000000 0.000000 -0.377130 0.926160
1538985293.112140 -174.644623 -89.756104 0.000000 0.000000 0.000000 -0.371605 0.928391
1538985293.470039 -173.576706 -90.822960 0.000000 0.000000 0.000000 -0.366008 0.930612
1538985293.881806 -172.359360 -91.983719 0.000000 0.000000 0.000000 -0.359049 0.933319
1538985294.256926 -171.352921 -92.791107 0.000000 0.000000 0.000000 -0.353393 0.935475
1538985294.620379 -170.476425 -93.529755 0.000000 0.000000 0.000000 -0.349585 0.936905
1538985294.980208 -169.595566 -94.197205 0.000000 0.000000 0.000000 -0.346462 0.938064
1538985295.371394 -168.805511 -94.884926 0.000000 0.000000 0.000000 -0.344873 0.938650
1538985295.806294 -167.951782 -95.615395 0.000000 0.000000 0.000000 -0.346512 0.938046
1538985296.171661 -167.338745 -96.195595 0.000000 0.000000 0.000000 -0.345788 0.938313
1538985296.587683 -166.560776 -96.849167 0.000000 0.000000 0.000000 -0.349136 0.937072
1538985296.962792 -165.750275 -97.502121 0.000000 0.000000 0.000000 -0.355593 0.934641
1538985297.332058 -164.966904 -98.270348 0.000000 0.000000 0.000000 -0.361828 0.932245
1538985297.697511 -164.145142 -99.058495 0.000000 0.000000 0.000000 -0.371495 0.928435
1538985298.057247 -163.364777 -99.827232 0.000000 0.000000 0.000000 -0.376766 0.926309
1538985298.468287 -162.379929 -100.762703 0.000000 0.000000 0.000000 -0.379501 0.925192
1538985298.843430 -161.493637 -101.688049 0.000000 0.000000 0.000000 -0.380549 0.924761
1538985299.212697 -160.656754 -102.533401 0.000000 0.000000 0.000000 -0.385821 0.922574
1538985299.572428 -159.787140 -103.413498 0.000000 0.000000 0.000000 -0.386344 0.922355
1538985299.932701 -158.970566 -104.210403 0.000000 0.000000 0.000000 -0.389031 0.921225
1538985300.334474 -158.127747 -105.096184 0.000000 0.000000 0.000000 -0.391222 0.920297
1538985300.694830 -157.420517 -105.891739 0.000000 0.000000 0.000000 -0.389621 0.920976
1538985301.059791 -156.712021 -106.690407 0.000000 0.000000 0.000000 -0.390895 0.920435
1538985301.479303 -155.848480 -107.431328 0.000000 0.000000 0.000000 -0.390328 0.920676
1538985301.854454 -155.147186 -108.177437 0.000000 0.000000 0.000000 -0.391136 0.920333
1538985302.225069 -154.519028 -108.832207 0.000000 0.000000 0.000000 -0.389844 0.920881
1538985302.589661 -153.848633 -109.410301 0.000000 0.000000 0.000000 -0.392637 0.919694
1538985302.953106 -153.315994 -110.002975 0.000000 0.000000 0.000000 -0.394845 0.918748
1538985303.359868 -152.703751 -110.645523 0.000000 0.000000 0.000000 -0.395695 0.918382
1538985303.734987 -152.303299 -111.145576 0.000000 0.000000 0.000000 -0.397094 0.917778
1538985304.104674 -151.883240 -111.614555 0.000000 0.000000 0.000000 -0.397180 0.917741
1538985304.457980 -151.554260 -112.042099 0.000000 0.000000 0.000000 -0.396943 0.917843
1538985304.817932 -151.233978 -112.407440 0.000000 0.000000 0.000000 -0.398661 0.917099
1538985305.199763 -151.021805 -112.755112 0.000000 0.000000 0.000000 -0.397416 0.917639
1538985305.603337 -150.760895 -113.022766 0.000000 0.000000 0.000000 -0.398374 0.917223
1538985306.038639 -150.564941 -113.251427 0.000000 0.000000 0.000000 -0.398829 0.917026
1538985306.425089 -150.397842 -113.390083 0.000000 0.000000 0.000000 -0.399352 0.916798
1538985306.780217 -150.355362 -113.459808 0.000000 0.000000 0.000000 -0.396728 0.917936
1538985307.167228 -150.314804 -113.445282 0.000000 0.000000 0.000000 -0.399696 0.916648
1538985307.526915 -150.319489 -113.573250 0.000000 0.000000 0.000000 -0.401459 0.915877
1538985307.892063 -150.290604 -113.632301 0.000000 0.000000 0.000000 -0.396659 0.917966
1538985308.285749 -150.334854 -113.632607 0.000000 0.000000 0.000000 -0.395514 0.918460
1538985308.686615 -150.312469 -113.632362 0.000000 0.000000 0.000000 -0.395646 0.918403
1538985309.045073 -150.312424 -113.624405 0.000000 0.000000 0.000000 -0.395185 0.918602
1538985309.405209 -150.348495 -113.639282 0.000000 0.000000 0.000000 -0.395430 0.918496
